//==============================================================================
// Pair-HMM phylogenetic tree estimator
// 
// Copyright (c) 2015 Marcin Bogusz.
// 
// This program is free software: you can redistribute it and/or modify
// it under the terms of the GNU General Public License as published by
// the Free Software Foundation, either version 3 of the License, or
// (at your option) any later version.
// 
//     This program is distributed in the hope that it will be useful,
//     but WITHOUT ANY WARRANTY; without even the implied warranty of
//     MERCHANTABILITY or FITNESS FOR A PARTICULAR PURPOSE.  See the
//     GNU General Public License for more details.
// 
// You should have received a copy of the GNU General Public License
// along with this program.  If not, see <http://www.gnu.org/licenses>.
//==============================================================================

#include "core/Definitions.hpp"

namespace EBC
{

Definitions::aaModelDefinition Definitions::aaLgModel =
			{	10.649107,
				{0.000000, 0.425093, 0.276818, 0.395144, 2.489084, 0.969894, 1.038545, 2.066040, 0.358858, 0.149830,0.395337, 0.536518, 1.124035, 0.253701, 1.177651,4.727182, 2.139501, 0.180717, 0.218959, 2.547870,
		        0.425093, 0.000000, 0.751878, 0.123954, 0.534551,2.807908, 0.363970, 0.390192, 2.426601, 0.126991,0.301848, 6.326067, 0.484133, 0.052722, 0.332533,0.858151, 0.578987, 0.593607, 0.314440, 0.170887,
		        0.276818, 0.751878, 0.000000, 5.076149, 0.528768,1.695752, 0.541712, 1.437645, 4.509238, 0.191503,0.068427, 2.145078, 0.371004, 0.089525, 0.161787,4.008358, 2.000679, 0.045376, 0.612025, 0.083688,
		        0.395144, 0.123954, 5.076149, 0.000000, 0.062556,0.523386, 5.243870, 0.844926, 0.927114, 0.010690,0.015076, 0.282959, 0.025548, 0.017416, 0.394456,1.240275, 0.425860, 0.029890, 0.135107, 0.037967,
		        2.489084, 0.534551, 0.528768, 0.062556, 0.000000,0.084808, 0.003499, 0.569265, 0.640543, 0.320627,0.594007, 0.013266, 0.893680, 1.105251, 0.075382,2.784478, 1.143480, 0.670128, 1.165532, 1.959291,
		        0.969894, 2.807908, 1.695752, 0.523386, 0.084808,0.000000, 4.128591, 0.267959, 4.813505, 0.072854,0.582457, 3.234294, 1.672569, 0.035855, 0.624294,1.223828, 1.080136, 0.236199, 0.257336, 0.210332,
		        1.038545, 0.363970, 0.541712, 5.243870, 0.003499,4.128591, 0.000000, 0.348847, 0.423881, 0.044265,0.069673, 1.807177, 0.173735, 0.018811, 0.419409,0.611973, 0.604545, 0.077852, 0.120037, 0.245034,
		        2.066040, 0.390192, 1.437645, 0.844926, 0.569265,0.267959, 0.348847, 0.000000, 0.311484, 0.008705,0.044261, 0.296636, 0.139538, 0.089586, 0.196961,1.739990, 0.129836, 0.268491, 0.054679, 0.076701,
		        0.358858, 2.426601, 4.509238, 0.927114, 0.640543,4.813505, 0.423881, 0.311484, 0.000000, 0.108882,0.366317, 0.697264, 0.442472, 0.682139, 0.508851,0.990012, 0.584262, 0.597054, 5.306834, 0.119013,
		        0.149830, 0.126991, 0.191503, 0.010690, 0.320627,0.072854, 0.044265, 0.008705, 0.108882, 0.000000,4.145067, 0.159069, 4.273607, 1.112727, 0.078281,0.064105, 1.033739, 0.111660, 0.232523, 10.649107,
		        0.395337, 0.301848, 0.068427, 0.015076, 0.594007,0.582457, 0.069673, 0.044261, 0.366317, 4.145067,0.000000, 0.137500, 6.312358, 2.592692, 0.249060,0.182287, 0.302936, 0.619632, 0.299648, 1.702745,
		        0.536518, 6.326067, 2.145078, 0.282959, 0.013266,3.234294, 1.807177, 0.296636, 0.697264, 0.159069,0.137500, 0.000000, 0.656604, 0.023918, 0.390322,0.748683, 1.136863, 0.049906, 0.131932, 0.185202,
		        1.124035, 0.484133, 0.371004, 0.025548, 0.893680,1.672569, 0.173735, 0.139538, 0.442472, 4.273607,6.312358, 0.656604, 0.000000, 1.798853, 0.099849,0.346960, 2.020366, 0.696175, 0.481306, 1.898718,
		        0.253701, 0.052722, 0.089525, 0.017416, 1.105251,0.035855, 0.018811, 0.089586, 0.682139, 1.112727,2.592692, 0.023918, 1.798853, 0.000000, 0.094464,0.361819, 0.165001, 2.457121, 7.803902, 0.654683,
		        1.177651, 0.332533, 0.161787, 0.394456, 0.075382,0.624294, 0.419409, 0.196961, 0.508851, 0.078281,0.249060, 0.390322, 0.099849, 0.094464, 0.000000,1.338132, 0.571468, 0.095131, 0.089613, 0.296501,
		        4.727182, 0.858151, 4.008358, 1.240275, 2.784478,1.223828, 0.611973, 1.739990, 0.990012, 0.064105,0.182287, 0.748683, 0.346960, 0.361819, 1.338132,0.000000, 6.472279, 0.248862, 0.400547, 0.098369,
		        2.139501, 0.578987, 2.000679, 0.425860, 1.143480,1.080136, 0.604545, 0.129836, 0.584262, 1.033739,0.302936, 1.136863, 2.020366, 0.165001, 0.571468,6.472279, 0.000000, 0.140825, 0.245841, 2.188158,
		        0.180717, 0.593607, 0.045376, 0.029890, 0.670128,0.236199, 0.077852, 0.268491, 0.597054, 0.111660,0.619632, 0.049906, 0.696175, 2.457121, 0.095131,0.248862, 0.140825, 0.000000, 3.151815, 0.189510,
		        0.218959, 0.314440, 0.612025, 0.135107, 1.165532,0.257336, 0.120037, 0.054679, 5.306834, 0.232523,0.299648, 0.131932, 0.481306, 7.803902, 0.089613,0.400547, 0.245841, 3.151815, 0.000000, 0.249313,
		        2.547870, 0.170887, 0.083688, 0.037967, 1.959291,0.210332, 0.245034, 0.076701, 0.119013, 10.649107,1.702745, 0.185202, 1.898718, 0.654683, 0.296501,0.098369, 2.188158, 0.189510, 0.249313, 0.000000},
		        {0.079066,  0.055941,  0.041977,  0.053052,0.012937, 0.040767,  0.071586,  0.057337, 0.022355,
		         0.062157,  0.099081, 0.064600, 0.022951, 0.042302, 0.044040, 0.061197, 0.053287, 0.012066, 0.034155, 0.069147}
			};


Definitions::aaModelDefinition Definitions::aaWagModel =
			{	7.8213000,
			{0.0000000, 0.5515710, 0.5098480, 0.7389980, 1.0270400, 0.9085980, 1.5828500, 1.4167200, 0.3169540, 0.1933350, 0.3979150, 0.9062650, 0.8934960, 0.2104940, 1.4385500, 3.3707900, 2.1211100, 0.1131330, 0.2407350, 2.0060100,
			0.5515710, 0.0000000, 0.6353460, 0.1473040, 0.5281910, 3.0355000, 0.4391570, 0.5846650, 2.1371500, 0.1869790, 0.4976710, 5.3514200, 0.6831620, 0.1027110, 0.6794890, 1.2241900, 0.5544130, 1.1639200, 0.3815330, 0.2518490,
			0.5098480, 0.6353460, 0.0000000, 5.4294200, 0.2652560, 1.5436400, 0.9471980, 1.1255600, 3.9562900, 0.5542360, 0.1315280, 3.0120100, 0.1982210, 0.0961621, 0.1950810, 3.9742300, 2.0300600, 0.0719167, 1.0860000, 0.1962460,
			0.7389980, 0.1473040, 5.4294200, 0.0000000, 0.0302949, 0.6167830, 6.1741600, 0.8655840, 0.9306760, 0.0394370, 0.0848047, 0.4798550, 0.1037540, 0.0467304, 0.4239840, 1.0717600, 0.3748660, 0.1297670, 0.3257110, 0.1523350,
			1.0270400, 0.5281910, 0.2652560, 0.0302949, 0.0000000, 0.0988179, 0.0213520, 0.3066740, 0.2489720, 0.1701350, 0.3842870, 0.0740339, 0.3904820, 0.3980200, 0.1094040, 1.4076600, 0.5129840, 0.7170700, 0.5438330, 1.0021400,
			0.9085980, 3.0355000, 1.5436400, 0.6167830, 0.0988179, 0.0000000, 5.4694700, 0.3300520, 4.2941100, 0.1139170, 0.8694890, 3.8949000, 1.5452600, 0.0999208, 0.9333720, 1.0288700, 0.8579280, 0.2157370, 0.2277100, 0.3012810,
			1.5828500, 0.4391570, 0.9471980, 6.1741600, 0.0213520, 5.4694700, 0.0000000, 0.5677170, 0.5700250, 0.1273950, 0.1542630, 2.5844300, 0.3151240, 0.0811339, 0.6823550, 0.7049390, 0.8227650, 0.1565570, 0.1963030, 0.5887310,
			1.4167200, 0.5846650, 1.1255600, 0.8655840, 0.3066740, 0.3300520, 0.5677170, 0.0000000, 0.2494100, 0.0304501, 0.0613037, 0.3735580, 0.1741000, 0.0499310, 0.2435700, 1.3418200, 0.2258330, 0.3369830, 0.1036040, 0.1872470,
			0.3169540, 2.1371500, 3.9562900, 0.9306760, 0.2489720, 4.2941100, 0.5700250, 0.2494100, 0.0000000, 0.1381900, 0.4994620, 0.8904320, 0.4041410, 0.6793710, 0.6961980, 0.7401690, 0.4733070, 0.2625690, 3.8734400, 0.1183580,
			0.1933350, 0.1869790, 0.5542360, 0.0394370, 0.1701350, 0.1139170, 0.1273950, 0.0304501, 0.1381900, 0.0000000, 3.1709700, 0.3238320, 4.2574600, 1.0594700, 0.0999288, 0.3194400, 1.4581600, 0.2124830, 0.4201700, 7.8213000,
			0.3979150, 0.4976710, 0.1315280, 0.0848047, 0.3842870, 0.8694890, 0.1542630, 0.0613037, 0.4994620, 3.1709700, 0.0000000, 0.2575550, 4.8540200, 2.1151700, 0.4158440, 0.3447390, 0.3266220, 0.6653090, 0.3986180, 1.8003400,
			0.9062650, 5.3514200, 3.0120100, 0.4798550, 0.0740339, 3.8949000, 2.5844300, 0.3735580, 0.8904320, 0.3238320, 0.2575550, 0.0000000, 0.9342760, 0.0888360, 0.5568960, 0.9671300, 1.3869800, 0.1375050, 0.1332640, 0.3054340,
			0.8934960, 0.6831620, 0.1982210, 0.1037540, 0.3904820, 1.5452600, 0.3151240, 0.1741000, 0.4041410, 4.2574600, 4.8540200, 0.9342760, 0.0000000, 1.1906300, 0.1713290, 0.4939050, 1.5161200, 0.5157060, 0.4284370, 2.0584500,
			0.2104940, 0.1027110, 0.0961621, 0.0467304, 0.3980200, 0.0999208, 0.0811339, 0.0499310, 0.6793710, 1.0594700, 2.1151700, 0.0888360, 1.1906300, 0.0000000, 0.1614440, 0.5459310, 0.1719030, 1.5296400, 6.4542800, 0.6498920,
			1.4385500, 0.6794890, 0.1950810, 0.4239840, 0.1094040, 0.9333720, 0.6823550, 0.2435700, 0.6961980, 0.0999288, 0.4158440, 0.5568960, 0.1713290, 0.1614440, 0.0000000, 1.6132800, 0.7953840, 0.1394050, 0.2160460, 0.3148870,
			3.3707900, 1.2241900, 3.9742300, 1.0717600, 1.4076600, 1.0288700, 0.7049390, 1.3418200, 0.7401690, 0.3194400, 0.3447390, 0.9671300, 0.4939050, 0.5459310, 1.6132800, 0.0000000, 4.3780200, 0.5237420, 0.7869930, 0.2327390,
			2.1211100, 0.5544130, 2.0300600, 0.3748660, 0.5129840, 0.8579280, 0.8227650, 0.2258330, 0.4733070, 1.4581600, 0.3266220, 1.3869800, 1.5161200, 0.1719030, 0.7953840, 4.3780200, 0.0000000, 0.1108640, 0.2911480, 1.3882300,
			0.1131330, 1.1639200, 0.0719167, 0.1297670, 0.7170700, 0.2157370, 0.1565570, 0.3369830, 0.2625690, 0.2124830, 0.6653090, 0.1375050, 0.5157060, 1.5296400, 0.1394050, 0.5237420, 0.1108640, 0.0000000, 2.4853900, 0.3653690,
			0.2407350, 0.3815330, 1.0860000, 0.3257110, 0.5438330, 0.2277100, 0.1963030, 0.1036040, 3.8734400, 0.4201700, 0.3986180, 0.1332640, 0.4284370, 6.4542800, 0.2160460, 0.7869930, 0.2911480, 2.4853900, 0.0000000, 0.3147300,
			2.0060100, 0.2518490, 0.1962460, 0.1523350, 1.0021400, 0.3012810, 0.5887310, 0.1872470, 0.1183580, 7.8213000, 1.8003400, 0.3054340, 2.0584500, 0.6498920, 0.3148870, 0.2327390, 1.3882300, 0.3653690, 0.3147300, 0.0000000},
			{0.08662790, 0.04397200, 0.03908940, 0.05704510, 0.01930780, 0.03672810, 0.05805890, 0.08325180, 0.02443130,
			0.04846600, 0.08620970, 0.06202860, 0.01950273, 0.03843190, 0.04576310, 0.06951790, 0.06101270, 0.01438590, 0.03527420, 0.07089560}
		};


Definitions::aaModelDefinition Definitions::aaJttModel =
			{	961,
			{0, 58, 54, 81, 56, 57, 105, 179, 27, 36, 30, 35, 54, 15, 194, 378, 475, 9, 11, 298,
			58, 0, 45, 16, 113, 310, 29, 137, 328, 22, 38, 646, 44, 5, 74, 101, 64, 126, 20, 17,
			54, 45, 0, 528, 34, 86, 58, 81, 391, 47, 12, 263, 30, 10, 15, 503, 232, 8, 70, 16,
			81, 16, 528, 0, 10, 49, 767, 130, 112, 11, 7, 26, 15, 4, 15, 59, 38, 4, 46, 31,
			56, 113, 34, 10, 0, 9, 5, 59, 69, 17, 23, 7, 31, 78, 14, 223, 42, 115, 209, 62,
			57, 310, 86, 49, 9, 0, 323, 26, 597, 9, 72, 292, 43, 4, 164, 53, 51, 18, 24, 20,
			105, 29, 58, 767, 5, 323, 0, 119, 26, 12, 9, 181, 18, 5, 18, 30, 32, 10, 7, 45,
			179, 137, 81, 130, 59, 26, 119, 0, 23, 6, 6, 27, 14, 5, 24, 201, 33, 55, 8, 47,
			27, 328, 391, 112, 69, 597, 26, 23, 0, 16, 56, 45, 33, 40, 115, 73, 46, 8, 573, 11,
			36, 22, 47, 11, 17, 9, 12, 6, 16, 0, 229, 21, 479, 89, 10, 40, 245, 9, 32, 961,
			30, 38, 12, 7, 23, 72, 9, 6, 56, 229, 0, 14, 388, 248, 102, 59, 25, 52, 24, 180,
			35, 646, 263, 26, 7, 292, 181, 27, 45, 21, 14, 0, 65, 4, 21, 47, 103, 10, 8, 14,
			54, 44, 30, 15, 31, 43, 18, 14, 33, 479, 388, 65, 0, 43, 16, 29, 226, 24, 18, 323,
			15, 5, 10, 4, 78, 4, 5, 5, 40, 89, 248, 4, 43, 0, 17, 92, 12, 53, 536, 62,
			194, 74, 15, 15, 14, 164, 18, 24, 115, 10, 102, 21, 16, 17, 0, 285, 118, 6, 10, 23,
			378, 101, 503, 59, 223, 53, 30, 201, 73, 40, 59, 47, 29, 92, 285, 0, 477, 35, 63, 38,
			475, 64, 232, 38, 42, 51, 32, 33, 46, 245, 25, 103, 226, 12, 118, 477, 0, 12, 21, 112,
			9, 126, 8, 4, 115, 18, 10, 55, 8, 9, 52, 10, 24, 53, 6, 35, 12, 0, 71, 25,
			11, 20, 70, 46, 209, 24, 7, 8, 573, 32, 24, 8, 18, 536, 10, 63, 21, 71, 0, 16,
			298, 17, 16, 31, 62, 20, 45, 47, 11, 961, 180, 14, 323, 62, 23, 38, 112, 25, 16, 0},
			{0.076748, 0.051691, 0.042645, 0.051544, 0.019803, 0.040752, 0.061830, 0.073152, 0.022944, 0.053761, 0.091904,
			0.058676, 0.023826, 0.040126, 0.050901, 0.068765, 0.058565, 0.014261, 0.032102, 0.066005}
			};

}
